2.835415850747904226e-02 4.028837336017503101e-02
2.835415850747904226e-02 1.903837336017502949e-02
7.104158507479040735e-03 4.028837336017503101e-02
7.104158507479040735e-03 1.903837336017502949e-02
2.104048367550910223e-02 2.804747015523197801e-02
2.104048367550910223e-02 6.797470155231976480e-03
-2.095163244908992972e-04 2.804747015523197801e-02
-2.095163244908992972e-04 6.797470155231976480e-03
2.272337637161048196e-02 3.413936106475214116e-02
2.272337637161048196e-02 1.288936106475213964e-02
1.473376371610480434e-03 3.413936106475214116e-02
1.473376371610480434e-03 1.288936106475213964e-02
3.734094461955356214e-02 2.708720167608875268e-02
3.734094461955356214e-02 5.837201676088751151e-03
1.609094461955356062e-02 2.708720167608875268e-02
1.609094461955356062e-02 5.837201676088751151e-03
3.260854810313906088e-02 3.528799110471733669e-02
3.260854810313906088e-02 1.403799110471733516e-02
1.135854810313905935e-02 3.528799110471733669e-02
1.135854810313905935e-02 1.403799110471733516e-02
3.175323491471927773e-02 3.035089085113239216e-02
3.175323491471927773e-02 9.100890851132390630e-03
1.050323491471927620e-02 3.035089085113239216e-02
1.050323491471927620e-02 9.100890851132390630e-03
3.239107555297846691e-02 2.525459232385493524e-02
3.239107555297846691e-02 4.004592323854933716e-03
1.114107555297846539e-02 2.525459232385493524e-02
1.114107555297846539e-02 4.004592323854933716e-03
2.172373639909607954e-02 2.289205482994220373e-02
2.172373639909607954e-02 1.642054829942202199e-03
4.737363990960780091e-04 2.289205482994220373e-02
4.737363990960780091e-04 1.642054829942202199e-03
1.793607642605052344e-02 3.257615882278912939e-02
1.793607642605052344e-02 1.132615882278912786e-02
2.783170285874890515e-02 3.551681243897909790e-02
2.783170285874890515e-02 1.426681243897909637e-02
6.581702858748903623e-03 3.551681243897909790e-02
6.581702858748903623e-03 1.426681243897909637e-02
1.670756225455674593e-02 2.237965020020516241e-02
1.670756225455674593e-02 1.129650200205160882e-03
2.700145864806018439e-02 3.047418531961734040e-02
2.700145864806018439e-02 9.224185319617338868e-03
5.751458648060182866e-03 3.047418531961734040e-02
5.751458648060182866e-03 9.224185319617338868e-03
2.746874439538819421e-02 4.701594862751325155e-02
2.746874439538819421e-02 2.576594862751325002e-02
6.218744395388192681e-03 4.701594862751325155e-02
6.218744395388192681e-03 2.576594862751325002e-02
1.861625239867640766e-02 3.904210418825793810e-02
1.861625239867640766e-02 1.779210418825793658e-02
2.364626901336081694e-02 3.927180405330833041e-02
2.364626901336081694e-02 1.802180405330832888e-02
2.396269013360815409e-03 3.927180405330833041e-02
2.396269013360815409e-03 1.802180405330832888e-02
1.266065510666201412e-02 4.114860865912137178e-02
1.266065510666201412e-02 1.989860865912137025e-02
5.430453629131617478e-03 3.820878148791066482e-03
