2.835415850747904226e-02
2.835415850747904226e-02
7.104158507479040735e-03
7.104158507479040735e-03
2.104048367550910223e-02
2.104048367550910223e-02
-2.095163244908992972e-04
-2.095163244908992972e-04
2.272337637161048196e-02
2.272337637161048196e-02
1.473376371610480434e-03
1.473376371610480434e-03
3.734094461955356214e-02
3.734094461955356214e-02
1.609094461955356062e-02
1.609094461955356062e-02
3.260854810313906088e-02
3.260854810313906088e-02
1.135854810313905935e-02
1.135854810313905935e-02
3.175323491471927773e-02
3.175323491471927773e-02
1.050323491471927620e-02
1.050323491471927620e-02
3.239107555297846691e-02
3.239107555297846691e-02
1.114107555297846539e-02
1.114107555297846539e-02
2.172373639909607954e-02
2.172373639909607954e-02
4.737363990960780091e-04
4.737363990960780091e-04
1.793607642605052344e-02
1.793607642605052344e-02
2.783170285874890515e-02
2.783170285874890515e-02
6.581702858748903623e-03
6.581702858748903623e-03
1.670756225455674593e-02
1.670756225455674593e-02
2.700145864806018439e-02
2.700145864806018439e-02
5.751458648060182866e-03
5.751458648060182866e-03
2.746874439538819421e-02
2.746874439538819421e-02
6.218744395388192681e-03
6.218744395388192681e-03
1.861625239867640766e-02
1.861625239867640766e-02
2.364626901336081694e-02
2.364626901336081694e-02
2.396269013360815409e-03
2.396269013360815409e-03
1.266065510666201412e-02
1.266065510666201412e-02
5.430453629131617478e-03
1.266065510666201412e-02